 (0.0000-17.3611j)  (0.0000+0.0000j)  (0.0000+0.0000j)  (0.0000+17.3611j)  (0.0000+0.0000j)  (0.0000+0.0000j)  (0.0000+0.0000j)  (0.0000+0.0000j)  (0.0000+0.0000j)
 (0.0000+0.0000j)  (0.0000-16.0000j)  (0.0000+0.0000j)  (0.0000+0.0000j)  (0.0000+0.0000j)  (0.0000+0.0000j)  (0.0000+16.0000j)  (0.0000+0.0000j)  (0.0000+0.0000j)
 (0.0000+0.0000j)  (0.0000+0.0000j)  (0.0000-17.0648j)  (0.0000+0.0000j)  (0.0000+0.0000j)  (0.0000+0.0000j)  (0.0000+0.0000j)  (0.0000+0.0000j)  (0.0000+17.0648j)
 (0.0000+17.3611j)  (0.0000+0.0000j)  (0.0000+0.0000j)  (3.3074-39.3089j)  (-1.3652+11.6041j)  (-1.9422+10.5107j)  (0.0000+0.0000j)  (0.0000+0.0000j)  (0.0000+0.0000j)
 (0.0000+0.0000j)  (0.0000+0.0000j)  (0.0000+0.0000j)  (-1.3652+11.6041j)  (2.5528-17.3382j)  (0.0000+0.0000j)  (-1.1876+5.9751j)  (0.0000+0.0000j)  (0.0000+0.0000j)
 (0.0000+0.0000j)  (0.0000+0.0000j)  (0.0000+0.0000j)  (-1.9422+10.5107j)  (0.0000+0.0000j)  (3.2242-15.8409j)  (0.0000+0.0000j)  (0.0000+0.0000j)  (-1.2820+5.5882j)
 (0.0000+0.0000j)  (0.0000+16.0000j)  (0.0000+0.0000j)  (0.0000+0.0000j)  (-1.1876+5.9751j)  (0.0000+0.0000j)  (2.8047-35.4456j)  (-1.6171+13.6980j)  (0.0000+0.0000j)
 (0.0000+0.0000j)  (0.0000+0.0000j)  (0.0000+0.0000j)  (0.0000+0.0000j)  (0.0000+0.0000j)  (0.0000+0.0000j)  (-1.6171+13.6980j)  (2.7722-23.3032j)  (-1.1551+9.7843j)
 (0.0000+0.0000j)  (0.0000+0.0000j)  (0.0000+17.0648j)  (0.0000+0.0000j)  (0.0000+0.0000j)  (-1.2820+5.5882j)  (0.0000+0.0000j)  (-1.1551+9.7843j)  (2.4371-32.1539j)
